AC      EMBL_M1
XX
TY      Motif
XX
P0      A       C       G       T
01      0.016779        0.543839        0.005985        0.433397
02      0.058324        0.003464        0.852447        0.085766
03      0.069351        0.862748        0.008665        0.059236
04      0.003563        0.988595        0.003025        0.004816
05      0.466283        0.495853        0.009771        0.028093
06      0.003268        0.517673        0.003645        0.475415
07      0.002739        0.989214        0.004884        0.003163
08      0.011727        0.012526        0.023846        0.951901
09      0.325570        0.038765        0.530201        0.105464
10      0.009273        0.375542        0.598994        0.016191
11      0.060335        0.123105        0.004339        0.812219
12      0.004896        0.003353        0.986336        0.005415
13      0.037571        0.032727        0.849242        0.080460
14      0.135061        0.496746        0.051850        0.316342
XX
//
AC      EMBL_M2
XX
TY      Motif
XX
P0      A       C       G       T
01      0.261188        0.004664        0.677828        0.056320
02      0.027553        0.002066        0.930432        0.039949
03      0.499358        0.193891        0.005027        0.301724
04      0.956164        0.004154        0.029967        0.009715
05      0.004786        0.670327        0.201533        0.123353
06      0.094634        0.003637        0.003136        0.898592
07      0.074955        0.016707        0.905215        0.003124
08      0.002264        0.966256        0.010902        0.020578
09      0.710218        0.113517        0.067111        0.109153
XX
//
AC  REN_20
XX
TY  Motif
XX
P0       A       C       G       T
00      60      47      69      53
01       0      82      40     107
02      46      41     103      39
03      77       0     152       0
04       0     229       0       0
05       0     229       0       0
06     171       0      30      28
07      18     112      99       0
08      27     144      19      39
09     229       0       0       0
10       0       0     229       0
11     111       0     118       0
12       0       0     142      87
13       0       0     229       0
14       0       0     229       0
15      36     171       0      22
16      88       0     127      14
17       0     135      94       0
18      37      96      32      64
19      72      74      70      13
XX
AT  BGCOUNT=8
AT  CORRECTEDBGCOUNT=9
AT  FGCOUNT=229
AT  INFO=1.30534
AT  RELATIVE_ERRORRATE=0.212789
AT  RELATIVE_ERRORRATE_FUNCTIONAL_DEPTH=0.835433
AT  RELATIVE_ERRORRATE_SENSITIVITY=0.805552
AT  RELATIVE_ERRORRATE_SPECIFICITY=0.76887
AT  RELATIVE_ERRORRATE_THRESHOLD=2.06671
AT  SCORE=1802.14
XX
//
AC  MIT_LM2				
XX				
TY  Motif				
XX				
P0       A       C       G       T				
00 	0.1426	0.193	0.1166	0.5479
01 	0.2595	0.1151	0.3345	0.291
02 	0.3614	0.0736	0.3579	0.207
03 	0.0711	0.8382	0.0201	0.0706
04 	0.0001	0.9991	0.0001	0.0006
05 	0.9596	0.0056	0.0031	0.0316
06 	0.0236	0.7023	0.257	0.0171
07 	0.181	0.322	0.0191	0.4779
08 	0.9257	0.0001	0.0401	0.0341
09 	0.0001	0.0001	0.9996	0.0001
10 	0.6468	0.0006	0.3524	0.0001
11 	0.0041	0.0006	0.3579	0.6373
12 	0.0071	0.0001	0.9921	0.0006
13 	0.0081	0.0076	0.8482	0.1361
14 	0.0111	0.9711	0.0026	0.0151
15 	0.9546	0.0026	0.0386	0.0041
16 	0.0731	0.2905	0.6058	0.0306
17 	0.1016	0.348	0.0651	0.4854
18 	0.5449	0.1675	0.249	0.0386
XX				
//
AC  MIT_LM7				
XX				
TY  Motif				
XX				
P0       A       C       G       T				
00 	0.1663	0.2247	0.1709	0.4382
01 	0.2584	0.1371	0.3061	0.2984
02 	0.3153	0.1094	0.3353	0.2400
03 	0.1064	0.7715	0.0388	0.0833
04 	0.0081	0.9773	0.0111	0.0035
05 	0.9543	0.0019	0.0142	0.0296
06 	0.0219	0.2062	0.7608	0.0111
07 	0.0803	0.6624	0.0373	0.2200
08 	0.9804	0.0035	0.0081	0.0081
09 	0.0050	0.0035	0.9896	0.0019
10 	0.6778	0.0081	0.3137	0.0004
11 	0.0065	0.0050	0.2124	0.7761
12 	0.0019	0.0019	0.9912	0.0050
13 	0.0096	0.0204	0.8975	0.0726
14 	0.0833	0.6932	0.0434	0.1801
15 	0.3076	0.0173	0.6164	0.0588
16 	0.0787	0.8068	0.0987	0.0157
17 	0.0541	0.0649	0.0157	0.8652
18 	0.1801	0.1909	0.5856	0.0434
19  0.1018	0.1325	0.1033	0.6624
XX
//		
AC  MIT_LM23				
XX				
TY  Motif				
XX				
P0       A       C       G       T				
00 	0.0712	0.1823	0.1128	0.6337
01 	0.0920	0.0990	0.4184	0.3906
02 	0.6059	0.0226	0.2656	0.1059
03 	0.0434	0.9115	0.0226	0.0226
04 	0.0017	0.9948	0.0017	0.0017
05 	0.9392	0.0156	0.0087	0.0365
06 	0.0295	0.8073	0.1476	0.0156
07 	0.0781	0.7309	0.0087	0.1823
08 	0.9809	0.0017	0.0087	0.0087
09 	0.0087	0.0156	0.9670	0.0087
10 	0.1337	0.0226	0.8420	0.0017
11 	0.0087	0.0087	0.0503	0.9323
12 	0.0087	0.0087	0.9809	0.0017
13 	0.0295	0.0087	0.9045	0.0573
14 	0.1406	0.3281	0.0295	0.5017
15 	0.1059	0.0017	0.8767	0.0156
16 	0.0573	0.8976	0.0295	0.0156
17 	0.0781	0.1684	0.0226	0.7309
18 	0.2726	0.1684	0.4392	0.1198
19	0.2517	0.1059	0.1406	0.5017
XX
//
